0 0
0.01 -0.24
0.02 -0.48
0.03 -0.72
0.04 -0.96
0.05 -1.2
0.06 -1.44
0.07 -1.68
0.08 -1.92
0.09 -2.16
0.1 -2.4
0.11 -2.64
0.12 -2.88
0.13 -3.12
0.14 -3.36
0.15 -3.6
0.16 -3.84
0.17 -4.08
0.18 -4.32
0.19 -4.56
0.2 -4.8
0.21 -5.04
0.22 -5.28
0.23 -5.52
0.24 -5.76
0.25 -6
0.26 -6.24
0.27 -6.48
0.28 -6.72
0.29 -6.96
0.3 -7.2
0.31 -7.44
0.32 -7.68
0.33 -7.92
0.34 -8.16
0.35 -8.4
0.36 -8.64
0.37 -8.88
0.38 -9.12
0.39 -9.36
0.4 -9.6
0.41 -9.84
0.42 -10.08
0.43 -10.32
0.44 -10.56
0.45 -10.8
0.46 -11.04
0.47 -11.28
0.48 -11.52
0.49 -11.76
0.5 -12
0.51 -12.24
0.52 -12.48
0.53 -12.72
0.54 -12.96
0.55 -13.2
0.56 -13.44
0.57 -13.68
0.58 -13.92
0.59 -14.16
0.6 -14.4
0.61 -14.64
0.62 -14.88
0.63 -15.12
0.64 -15.36
0.65 -15.6
0.66 -15.84
0.67 -16.08
0.68 -16.32
0.69 -16.56
0.7 -16.8
0.71 -17.04
0.72 -17.28
0.73 -17.52
0.74 -17.76
0.75 -18
0.76 -18.24
0.77 -18.48
0.78 -18.72
0.79 -18.96
0.8 -19.2
0.81 -19.44
0.82 -19.68
0.83 -19.92
0.84 -20.16
0.85 -20.4
0.86 -20.64
0.87 -20.88
0.88 -21.12
0.89 -21.36
0.9 -21.6
0.91 -21.84
0.92 -22.08
0.93 -22.32
0.94 -22.56
0.95 -22.8
0.96 -23.04
0.97 -23.28
0.98 -23.52
0.99 -23.76
1 -24
