0 0
0.01 -0.24006
0.02 -0.48024
0.03 -0.72054
0.04 -0.96096
0.05 -1.2015
0.06 -1.44216
0.07 -1.68294
0.08 -1.92384
0.09 -2.16486
0.1 -2.406
0.11 -2.64726
0.12 -2.88864
0.13 -3.13014
0.14 -3.37176
0.15 -3.6135
0.16 -3.85536
0.17 -4.09734
0.18 -4.33944
0.19 -4.58166
0.2 -4.824
0.21 -5.06646
0.22 -5.30904
0.23 -5.55174
0.24 -5.79456
0.25 -6.0375
0.26 -6.28056
0.27 -6.52374
0.28 -6.76704
0.29 -7.01046
0.3 -7.254
0.31 -7.49766
0.32 -7.74144
0.33 -7.98534
0.34 -8.22936
0.35 -8.4735
0.36 -8.71776
0.37 -8.96214
0.38 -9.20663
0.39 -9.45125
0.4 -9.69599
0.41 -9.94085
0.42 -10.1858
0.43 -10.4309
0.44 -10.6762
0.45 -10.9215
0.46 -11.1669
0.47 -11.4125
0.48 -11.6582
0.49 -11.904
0.5 -12.15
0.51 -12.396
0.52 -12.6422
0.53 -12.8885
0.54 -13.1349
0.55 -13.3815
0.56 -13.6281
0.57 -13.8749
0.58 -14.1218
0.59 -14.3688
0.6 -14.616
0.61 -14.8632
0.62 -15.1106
0.63 -15.3581
0.64 -15.6057
0.65 -15.8535
0.66 -16.1013
0.67 -16.3493
0.68 -16.5974
0.69 -16.8456
0.7 -17.0939
0.71 -17.3424
0.72 -17.591
0.73 -17.8397
0.74 -18.0885
0.75 -18.3374
0.76 -18.5865
0.77 -18.8357
0.78 -19.0849
0.79 -19.3344
0.8 -19.5839
0.81 -19.8336
0.82 -20.0833
0.83 -20.3332
0.84 -20.5832
0.85 -20.8334
0.86 -21.0836
0.87 -21.334
0.88 -21.5845
0.89 -21.8351
0.9 -22.0858
0.91 -22.3367
0.92 -22.5877
0.93 -22.8388
0.94 -23.09
0.95 -23.3413
0.96 -23.5927
0.97 -23.8443
0.98 -24.096
0.99 -24.3478
1 -24.5998
