0 0
0.01 -0.2406
0.02 -0.4824
0.03 -0.7254
0.04 -0.969599
0.05 -1.215
0.06 -1.4616
0.07 -1.70939
0.08 -1.95839
0.09 -2.20858
0.1 -2.45998
0.11 -2.71256
0.12 -2.96635
0.13 -3.22133
0.14 -3.4775
0.15 -3.73487
0.16 -3.99344
0.17 -4.25319
0.18 -4.51414
0.19 -4.77627
0.2 -5.0396
0.21 -5.30412
0.22 -5.56982
0.23 -5.8367
0.24 -6.10477
0.25 -6.37403
0.26 -6.64446
0.27 -6.91608
0.28 -7.18887
0.29 -7.46284
0.3 -7.73799
0.31 -8.01431
0.32 -8.2918
0.33 -8.57046
0.34 -8.85028
0.35 -9.13128
0.36 -9.41344
0.37 -9.69676
0.38 -9.98124
0.39 -10.2669
0.4 -10.5537
0.41 -10.8416
0.42 -11.1307
0.43 -11.421
0.44 -11.7123
0.45 -12.0049
0.46 -12.2986
0.47 -12.5934
0.48 -12.8893
0.49 -13.1864
0.5 -13.4846
0.51 -13.784
0.52 -14.0844
0.53 -14.386
0.54 -14.6887
0.55 -14.9926
0.56 -15.2975
0.57 -15.6036
0.58 -15.9107
0.59 -16.219
0.6 -16.5284
0.61 -16.8388
0.62 -17.1504
0.63 -17.463
0.64 -17.7768
0.65 -18.0916
0.66 -18.4075
0.67 -18.7245
0.68 -19.0425
0.69 -19.3617
0.7 -19.6819
0.71 -20.0031
0.72 -20.3254
0.73 -20.6488
0.74 -20.9733
0.75 -21.2987
0.76 -21.6253
0.77 -21.9528
0.78 -22.2815
0.79 -22.6111
0.8 -22.9418
0.81 -23.2735
0.82 -23.6062
0.83 -23.9399
0.84 -24.2747
0.85 -24.6105
0.86 -24.9472
0.87 -25.285
0.88 -25.6238
0.89 -25.9636
0.9 -26.3043
0.91 -26.6461
0.92 -26.9888
0.93 -27.3325
0.94 -27.6772
0.95 -28.0228
0.96 -28.3695
0.97 -28.717
0.98 -29.0656
0.99 -29.4151
1 -29.7655
