0 0
0.01 -0.2418
0.02 -0.487199
0.03 -0.736195
0.04 -0.988783
0.05 -1.24496
0.06 -1.50471
0.07 -1.76804
0.08 -2.03492
0.09 -2.30536
0.1 -2.57933
0.11 -2.85682
0.12 -3.13781
0.13 -3.42229
0.14 -3.71024
0.15 -4.00163
0.16 -4.29644
0.17 -4.59466
0.18 -4.89625
0.19 -5.20119
0.2 -5.50945
0.21 -5.82101
0.22 -6.13583
0.23 -6.45389
0.24 -6.77515
0.25 -7.09958
0.26 -7.42715
0.27 -7.75782
0.28 -8.09156
0.29 -8.42834
0.3 -8.76811
0.31 -9.11084
0.32 -9.45649
0.33 -9.80502
0.34 -10.1564
0.35 -10.5106
0.36 -10.8675
0.37 -11.2272
0.38 -11.5896
0.39 -11.9546
0.4 -12.3222
0.41 -12.6923
0.42 -13.065
0.43 -13.4402
0.44 -13.8178
0.45 -14.1978
0.46 -14.5801
0.47 -14.9648
0.48 -15.3517
0.49 -15.7409
0.5 -16.1323
0.51 -16.5258
0.52 -16.9214
0.53 -17.319
0.54 -17.7187
0.55 -18.1204
0.56 -18.5241
0.57 -18.9296
0.58 -19.337
0.59 -19.7463
0.6 -20.1573
0.61 -20.5701
0.62 -20.9846
0.63 -21.4007
0.64 -21.8186
0.65 -22.238
0.66 -22.659
0.67 -23.0815
0.68 -23.5055
0.69 -23.931
0.7 -24.358
0.71 -24.7863
0.72 -25.216
0.73 -25.647
0.74 -26.0793
0.75 -26.513
0.76 -26.9478
0.77 -27.3839
0.78 -27.8211
0.79 -28.2595
0.8 -28.699
0.81 -29.1396
0.82 -29.5813
0.83 -30.0241
0.84 -30.4678
0.85 -30.9126
0.86 -31.3583
0.87 -31.8049
0.88 -32.2525
0.89 -32.701
0.9 -33.1503
0.91 -33.6005
0.92 -34.0516
0.93 -34.5034
0.94 -34.956
0.95 -35.4094
0.96 -35.8635
0.97 -36.3183
0.98 -36.7739
0.99 -37.2301
1 -37.687
