0 -12
0.01 -11.9988
0.02 -11.9952
0.03 -11.9892
0.04 -11.9808
0.05 -11.97
0.06 -11.9568
0.07 -11.9412
0.08 -11.9232
0.09 -11.9028
0.1 -11.88
0.11 -11.8548
0.12 -11.8272
0.13 -11.7972
0.14 -11.7648
0.15 -11.73
0.16 -11.6928
0.17 -11.6532
0.18 -11.6112
0.19 -11.5668
0.2 -11.52
0.21 -11.4708
0.22 -11.4192
0.23 -11.3652
0.24 -11.3088
0.25 -11.25
0.26 -11.1888
0.27 -11.1252
0.28 -11.0592
0.29 -10.9908
0.3 -10.92
0.31 -10.8468
0.32 -10.7712
0.33 -10.6932
0.34 -10.6128
0.35 -10.53
0.36 -10.4448
0.37 -10.3572
0.38 -10.2672
0.39 -10.1748
0.4 -10.08
0.41 -9.9828
0.42 -9.8832
0.43 -9.7812
0.44 -9.6768
0.45 -9.57
0.46 -9.4608
0.47 -9.3492
0.48 -9.2352
0.49 -9.1188
0.5 -9
0.51 -8.8788
0.52 -8.7552
0.53 -8.6292
0.54 -8.5008
0.55 -8.37
0.56 -8.2368
0.57 -8.1012
0.58 -7.9632
0.59 -7.8228
0.6 -7.68
0.61 -7.5348
0.62 -7.3872
0.63 -7.2372
0.64 -7.0848
0.65 -6.93
0.66 -6.7728
0.67 -6.6132
0.68 -6.4512
0.69 -6.2868
0.7 -6.12
0.71 -5.9508
0.72 -5.7792
0.73 -5.6052
0.74 -5.4288
0.75 -5.25
0.76 -5.0688
0.77 -4.8852
0.78 -4.6992
0.79 -4.5108
0.8 -4.32
0.81 -4.1268
0.82 -3.9312
0.83 -3.7332
0.84 -3.5328
0.85 -3.33
0.86 -3.1248
0.87 -2.9172
0.88 -2.7072
0.89 -2.4948
0.9 -2.28
0.91 -2.0628
0.92 -1.8432
0.93 -1.6212
0.94 -1.3968
0.95 -1.17
0.96 -0.9408
0.97 -0.7092
0.98 -0.4752
0.99 -0.2388
1 -2.55074e-13
