0 -12.2
0.01 -12.1987
0.02 -12.1951
0.03 -12.1891
0.04 -12.1807
0.05 -12.1699
0.06 -12.1567
0.07 -12.1411
0.08 -12.123
0.09 -12.1026
0.1 -12.0798
0.11 -12.0545
0.12 -12.0268
0.13 -11.9967
0.14 -11.9642
0.15 -11.9293
0.16 -11.8919
0.17 -11.8522
0.18 -11.81
0.19 -11.7654
0.2 -11.7184
0.21 -11.6689
0.22 -11.617
0.23 -11.5627
0.24 -11.506
0.25 -11.4468
0.26 -11.3852
0.27 -11.3212
0.28 -11.2548
0.29 -11.1859
0.3 -11.1146
0.31 -11.0408
0.32 -10.9646
0.33 -10.886
0.34 -10.8049
0.35 -10.7214
0.36 -10.6354
0.37 -10.547
0.38 -10.4562
0.39 -10.3629
0.4 -10.2672
0.41 -10.169
0.42 -10.0683
0.43 -9.96525
0.44 -9.85971
0.45 -9.75173
0.46 -9.64128
0.47 -9.52839
0.48 -9.41303
0.49 -9.29522
0.5 -9.17495
0.51 -9.05222
0.52 -8.92703
0.53 -8.79938
0.54 -8.66926
0.55 -8.53668
0.56 -8.40163
0.57 -8.26411
0.58 -8.12413
0.59 -7.98168
0.6 -7.83675
0.61 -7.68936
0.62 -7.53949
0.63 -7.38715
0.64 -7.23233
0.65 -7.07503
0.66 -6.91526
0.67 -6.753
0.68 -6.58827
0.69 -6.42106
0.7 -6.25136
0.71 -6.07918
0.72 -5.90451
0.73 -5.72736
0.74 -5.54772
0.75 -5.36559
0.76 -5.18097
0.77 -4.99386
0.78 -4.80425
0.79 -4.61216
0.8 -4.41757
0.81 -4.22048
0.82 -4.02089
0.83 -3.81881
0.84 -3.61423
0.85 -3.40715
0.86 -3.19756
0.87 -2.98547
0.88 -2.77088
0.89 -2.55378
0.9 -2.33418
0.91 -2.11207
0.92 -1.88745
0.93 -1.66031
0.94 -1.43067
0.95 -1.19851
0.96 -0.963844
0.97 -0.726658
0.98 -0.486957
0.99 -0.244738
1 -2.51493e-13
