0 -13.9522
0.01 -13.951
0.02 -13.9474
0.03 -13.9414
0.04 -13.9329
0.05 -13.922
0.06 -13.9086
0.07 -13.8928
0.08 -13.8744
0.09 -13.8536
0.1 -13.8302
0.11 -13.8044
0.12 -13.776
0.13 -13.7451
0.14 -13.7116
0.15 -13.6755
0.16 -13.6369
0.17 -13.5956
0.18 -13.5518
0.19 -13.5053
0.2 -13.4563
0.21 -13.4045
0.22 -13.3502
0.23 -13.2931
0.24 -13.2334
0.25 -13.171
0.26 -13.106
0.27 -13.0382
0.28 -12.9676
0.29 -12.8944
0.3 -12.8184
0.31 -12.7396
0.32 -12.6581
0.33 -12.5738
0.34 -12.4867
0.35 -12.3968
0.36 -12.304
0.37 -12.2085
0.38 -12.1101
0.39 -12.0089
0.4 -11.9048
0.41 -11.7978
0.42 -11.6879
0.43 -11.5752
0.44 -11.4595
0.45 -11.3409
0.46 -11.2194
0.47 -11.0949
0.48 -10.9675
0.49 -10.8371
0.5 -10.7038
0.51 -10.5675
0.52 -10.4281
0.53 -10.2858
0.54 -10.1404
0.55 -9.99198
0.56 -9.84053
0.57 -9.68603
0.58 -9.52846
0.59 -9.36781
0.6 -9.20407
0.61 -9.03724
0.62 -8.86729
0.63 -8.69423
0.64 -8.51803
0.65 -8.33869
0.66 -8.15619
0.67 -7.97053
0.68 -7.7817
0.69 -7.58968
0.7 -7.39446
0.71 -7.19604
0.72 -6.9944
0.73 -6.78953
0.74 -6.58142
0.75 -6.37006
0.76 -6.15544
0.77 -5.93755
0.78 -5.71638
0.79 -5.49192
0.8 -5.26415
0.81 -5.03308
0.82 -4.79868
0.83 -4.56095
0.84 -4.31988
0.85 -4.07545
0.86 -3.82766
0.87 -3.5765
0.88 -3.32196
0.89 -3.06403
0.9 -2.80269
0.91 -2.53794
0.92 -2.26976
0.93 -1.99816
0.94 -1.72311
0.95 -1.44461
0.96 -1.16265
0.97 -0.877217
0.98 -0.588304
0.99 -0.295902
1 -2.91711e-13
