0 -17.0338
0.01 -17.0326
0.02 -17.029
0.03 -17.0229
0.04 -17.0143
0.05 -17.0031
0.06 -16.9893
0.07 -16.973
0.08 -16.954
0.09 -16.9323
0.1 -16.9079
0.11 -16.8807
0.12 -16.8507
0.13 -16.8179
0.14 -16.7822
0.15 -16.7437
0.16 -16.7022
0.17 -16.6578
0.18 -16.6103
0.19 -16.5598
0.2 -16.5063
0.21 -16.4496
0.22 -16.3898
0.23 -16.3269
0.24 -16.2607
0.25 -16.1914
0.26 -16.1187
0.27 -16.0428
0.28 -15.9636
0.29 -15.881
0.3 -15.795
0.31 -15.7056
0.32 -15.6128
0.33 -15.5165
0.34 -15.4167
0.35 -15.3133
0.36 -15.2064
0.37 -15.096
0.38 -14.9819
0.39 -14.8642
0.4 -14.7428
0.41 -14.6177
0.42 -14.4889
0.43 -14.3564
0.44 -14.2201
0.45 -14.08
0.46 -13.9362
0.47 -13.7884
0.48 -13.6369
0.49 -13.4814
0.5 -13.322
0.51 -13.1587
0.52 -12.9915
0.53 -12.8203
0.54 -12.6451
0.55 -12.4659
0.56 -12.2827
0.57 -12.0954
0.58 -11.9041
0.59 -11.7087
0.6 -11.5092
0.61 -11.3055
0.62 -11.0978
0.63 -10.8858
0.64 -10.6697
0.65 -10.4495
0.66 -10.225
0.67 -9.99628
0.68 -9.76335
0.69 -9.52617
0.7 -9.28472
0.71 -9.039
0.72 -8.78899
0.73 -8.53468
0.74 -8.27605
0.75 -8.01309
0.76 -7.74578
0.77 -7.47413
0.78 -7.1981
0.79 -6.9177
0.8 -6.63291
0.81 -6.34372
0.82 -6.05011
0.83 -5.75209
0.84 -5.44963
0.85 -5.14273
0.86 -4.83137
0.87 -4.51556
0.88 -4.19527
0.89 -3.8705
0.9 -3.54125
0.91 -3.20749
0.92 -2.86923
0.93 -2.52646
0.94 -2.17916
0.95 -1.82734
0.96 -1.47097
0.97 -1.11007
0.98 -0.744605
0.99 -0.374585
1 -3.37941e-12
