0 2.5
0.01 2.4997
0.02 2.4988
0.03 2.4973
0.04 2.4952
0.05 2.4925
0.06 2.48921
0.07 2.48531
0.08 2.48082
0.09 2.47573
0.1 2.47005
0.11 2.46377
0.12 2.4569
0.13 2.44944
0.14 2.44139
0.15 2.43275
0.16 2.42353
0.17 2.41372
0.18 2.40332
0.19 2.39235
0.2 2.3808
0.21 2.36867
0.22 2.35597
0.23 2.3427
0.24 2.32886
0.25 2.31445
0.26 2.29948
0.27 2.28396
0.28 2.26787
0.29 2.25124
0.3 2.23405
0.31 2.21632
0.32 2.19804
0.33 2.17923
0.34 2.15988
0.35 2.14
0.36 2.1196
0.37 2.09867
0.38 2.07723
0.39 2.05527
0.4 2.0328
0.41 2.00983
0.42 1.98636
0.43 1.96239
0.44 1.93794
0.45 1.913
0.46 1.88759
0.47 1.8617
0.48 1.83534
0.49 1.80852
0.5 1.78125
0.51 1.75353
0.52 1.72536
0.53 1.69675
0.54 1.66772
0.55 1.63825
0.56 1.60837
0.57 1.57808
0.58 1.54738
0.59 1.51629
0.6 1.4848
0.61 1.45293
0.62 1.42068
0.63 1.38806
0.64 1.35509
0.65 1.32175
0.66 1.28807
0.67 1.25406
0.68 1.21971
0.69 1.18504
0.7 1.15005
0.71 1.11476
0.72 1.07917
0.73 1.04329
0.74 1.00713
0.75 0.970703
0.76 0.934011
0.77 0.897065
0.78 0.859875
0.79 0.82245
0.8 0.7848
0.81 0.746934
0.82 0.708861
0.83 0.670592
0.84 0.632136
0.85 0.593503
0.86 0.554704
0.87 0.515749
0.88 0.476648
0.89 0.437411
0.9 0.39805
0.91 0.358575
0.92 0.318996
0.93 0.279326
0.94 0.239574
0.95 0.199753
0.96 0.159873
0.97 0.119946
0.98 0.0799841
0.99 0.039998
1 3.88786e-14
