0 2.47516
0.01 2.47485
0.02 2.47394
0.03 2.47242
0.04 2.47029
0.05 2.46755
0.06 2.46421
0.07 2.46026
0.08 2.45571
0.09 2.45056
0.1 2.44481
0.11 2.43846
0.12 2.43152
0.13 2.42398
0.14 2.41585
0.15 2.40713
0.16 2.39782
0.17 2.38793
0.18 2.37745
0.19 2.36639
0.2 2.35476
0.21 2.34255
0.22 2.32977
0.23 2.31643
0.24 2.30252
0.25 2.28804
0.26 2.27301
0.27 2.25742
0.28 2.24129
0.29 2.2246
0.3 2.20737
0.31 2.18961
0.32 2.1713
0.33 2.15247
0.34 2.13311
0.35 2.11323
0.36 2.09283
0.37 2.07192
0.38 2.0505
0.39 2.02857
0.4 2.00615
0.41 1.98323
0.42 1.95983
0.43 1.93594
0.44 1.91158
0.45 1.88674
0.46 1.86144
0.47 1.83568
0.48 1.80946
0.49 1.7828
0.5 1.75569
0.51 1.72815
0.52 1.70017
0.53 1.67178
0.54 1.64296
0.55 1.61374
0.56 1.58411
0.57 1.55408
0.58 1.52366
0.59 1.49286
0.6 1.46168
0.61 1.43014
0.62 1.39823
0.63 1.36597
0.64 1.33336
0.65 1.30041
0.66 1.26713
0.67 1.23353
0.68 1.19961
0.69 1.16539
0.7 1.13086
0.71 1.09604
0.72 1.06094
0.73 1.02557
0.74 0.989925
0.75 0.954026
0.76 0.917878
0.77 0.88149
0.78 0.844871
0.79 0.80803
0.8 0.770975
0.81 0.733717
0.82 0.696264
0.83 0.658626
0.84 0.620812
0.85 0.582832
0.86 0.544695
0.87 0.506412
0.88 0.467992
0.89 0.429445
0.9 0.390782
0.91 0.352011
0.92 0.313144
0.93 0.274192
0.94 0.235163
0.95 0.19607
0.96 0.156921
0.97 0.11773
0.98 0.0785048
0.99 0.0392579
1 -1.98237e-13
