0 2.26051
0.01 2.26017
0.02 2.25913
0.03 2.25741
0.04 2.25501
0.05 2.25194
0.06 2.24821
0.07 2.24383
0.08 2.23879
0.09 2.23312
0.1 2.22682
0.11 2.21988
0.12 2.21233
0.13 2.20417
0.14 2.19541
0.15 2.18605
0.16 2.1761
0.17 2.16557
0.18 2.15447
0.19 2.1428
0.2 2.13057
0.21 2.11779
0.22 2.10447
0.23 2.09061
0.24 2.07623
0.25 2.06132
0.26 2.0459
0.27 2.02998
0.28 2.01356
0.29 1.99664
0.3 1.97925
0.31 1.96138
0.32 1.94304
0.33 1.92425
0.34 1.905
0.35 1.88531
0.36 1.86518
0.37 1.84462
0.38 1.82364
0.39 1.80225
0.4 1.78045
0.41 1.75825
0.42 1.73566
0.43 1.71268
0.44 1.68933
0.45 1.66561
0.46 1.64153
0.47 1.61709
0.48 1.59231
0.49 1.56719
0.5 1.54173
0.51 1.51595
0.52 1.48986
0.53 1.46345
0.54 1.43674
0.55 1.40974
0.56 1.38244
0.57 1.35487
0.58 1.32702
0.59 1.29891
0.6 1.27054
0.61 1.24191
0.62 1.21304
0.63 1.18393
0.64 1.15459
0.65 1.12502
0.66 1.09523
0.67 1.06524
0.68 1.03504
0.69 1.00464
0.7 0.974058
0.71 0.943288
0.72 0.912341
0.73 0.881224
0.74 0.849944
0.75 0.818506
0.76 0.786918
0.77 0.755186
0.78 0.723316
0.79 0.691315
0.8 0.65919
0.81 0.626947
0.82 0.594591
0.83 0.56213
0.84 0.52957
0.85 0.496916
0.86 0.464175
0.87 0.431353
0.88 0.398456
0.89 0.36549
0.9 0.332462
0.91 0.299376
0.92 0.26624
0.93 0.233058
0.94 0.199836
0.95 0.166581
0.96 0.133298
0.97 0.0999931
0.98 0.0666713
0.99 0.0333384
1 7.5405e-14
