0 1.81811
0.01 1.81769
0.02 1.81644
0.03 1.81439
0.04 1.81156
0.05 1.80798
0.06 1.80366
0.07 1.79864
0.08 1.79293
0.09 1.78655
0.1 1.77952
0.11 1.77187
0.12 1.76361
0.13 1.75477
0.14 1.74535
0.15 1.73539
0.16 1.72488
0.17 1.71387
0.18 1.70235
0.19 1.69035
0.2 1.67788
0.21 1.66496
0.22 1.65159
0.23 1.63781
0.24 1.62362
0.25 1.60903
0.26 1.59405
0.27 1.57871
0.28 1.56301
0.29 1.54697
0.3 1.53059
0.31 1.5139
0.32 1.49689
0.33 1.47958
0.34 1.46199
0.35 1.44412
0.36 1.42598
0.37 1.40758
0.38 1.38893
0.39 1.37004
0.4 1.35093
0.41 1.33159
0.42 1.31203
0.43 1.29228
0.44 1.27232
0.45 1.25217
0.46 1.23185
0.47 1.21134
0.48 1.19067
0.49 1.16983
0.5 1.14885
0.51 1.12771
0.52 1.10643
0.53 1.08501
0.54 1.06346
0.55 1.04179
0.56 1.02
0.57 0.998093
0.58 0.976077
0.59 0.953957
0.6 0.931736
0.61 0.909421
0.62 0.887015
0.63 0.864523
0.64 0.841948
0.65 0.819295
0.66 0.796568
0.67 0.77377
0.68 0.750905
0.69 0.727977
0.7 0.704988
0.71 0.681943
0.72 0.658844
0.73 0.635694
0.74 0.612497
0.75 0.589254
0.76 0.56597
0.77 0.542645
0.78 0.519284
0.79 0.495888
0.8 0.472459
0.81 0.449001
0.82 0.425514
0.83 0.402002
0.84 0.378466
0.85 0.354908
0.86 0.33133
0.87 0.307733
0.88 0.28412
0.89 0.260492
0.9 0.236851
0.91 0.213197
0.92 0.189534
0.93 0.165861
0.94 0.14218
0.95 0.118493
0.96 0.0948004
0.97 0.0711038
0.98 0.0474041
0.99 0.0237026
1 -4.83537e-14
