0 0
0.01 -0.059998
0.02 -0.119984
0.03 -0.179946
0.04 -0.239872
0.05 -0.29975
0.06 -0.359568
0.07 -0.419314
0.08 -0.478976
0.09 -0.538542
0.1 -0.598
0.11 -0.657338
0.12 -0.716544
0.13 -0.775606
0.14 -0.834512
0.15 -0.89325
0.16 -0.951808
0.17 -1.01017
0.18 -1.06834
0.19 -1.12628
0.2 -1.184
0.21 -1.24148
0.22 -1.2987
0.23 -1.35567
0.24 -1.41235
0.25 -1.46875
0.26 -1.52485
0.27 -1.58063
0.28 -1.6361
0.29 -1.69122
0.3 -1.746
0.31 -1.80042
0.32 -1.85446
0.33 -1.90813
0.34 -1.96139
0.35 -2.01425
0.36 -2.06669
0.37 -2.11869
0.38 -2.17026
0.39 -2.22136
0.4 -2.272
0.41 -2.32216
0.42 -2.37182
0.43 -2.42099
0.44 -2.46963
0.45 -2.51775
0.46 -2.56533
0.47 -2.61235
0.48 -2.65882
0.49 -2.7047
0.5 -2.75
0.51 -2.7947
0.52 -2.83878
0.53 -2.88225
0.54 -2.92507
0.55 -2.96725
0.56 -3.00877
0.57 -3.04961
0.58 -3.08978
0.59 -3.12924
0.6 -3.168
0.61 -3.20604
0.62 -3.24334
0.63 -3.27991
0.64 -3.31571
0.65 -3.35075
0.66 -3.38501
0.67 -3.41847
0.68 -3.45114
0.69 -3.48298
0.7 -3.514
0.71 -3.54418
0.72 -3.5735
0.73 -3.60197
0.74 -3.62955
0.75 -3.65625
0.76 -3.68205
0.77 -3.70693
0.78 -3.7309
0.79 -3.75392
0.8 -3.776
0.81 -3.79712
0.82 -3.81726
0.83 -3.83643
0.84 -3.85459
0.85 -3.87175
0.86 -3.88789
0.87 -3.90299
0.88 -3.91706
0.89 -3.93006
0.9 -3.942
0.91 -3.95286
0.92 -3.96262
0.93 -3.97129
0.94 -3.97883
0.95 -3.98525
0.96 -3.99053
0.97 -3.99465
0.98 -3.99762
0.99 -3.9994
1 -4
