0 0
0.01 -0.0609673
0.02 -0.121862
0.03 -0.182671
0.04 -0.243384
0.05 -0.303988
0.06 -0.364472
0.07 -0.424824
0.08 -0.485032
0.09 -0.545085
0.1 -0.60497
0.11 -0.664676
0.12 -0.724192
0.13 -0.783506
0.14 -0.842606
0.15 -0.901481
0.16 -0.960119
0.17 -1.01851
0.18 -1.07664
0.19 -1.1345
0.2 -1.19207
0.21 -1.24936
0.22 -1.30633
0.23 -1.363
0.24 -1.41933
0.25 -1.47532
0.26 -1.53097
0.27 -1.58625
0.28 -1.64116
0.29 -1.69569
0.3 -1.74982
0.31 -1.80354
0.32 -1.85685
0.33 -1.90973
0.34 -1.96217
0.35 -2.01417
0.36 -2.0657
0.37 -2.11676
0.38 -2.16733
0.39 -2.21742
0.4 -2.26699
0.41 -2.31606
0.42 -2.36459
0.43 -2.4126
0.44 -2.46005
0.45 -2.50695
0.46 -2.55327
0.47 -2.59902
0.48 -2.64418
0.49 -2.68874
0.5 -2.73268
0.51 -2.77601
0.52 -2.8187
0.53 -2.86075
0.54 -2.90215
0.55 -2.94288
0.56 -2.98294
0.57 -3.02232
0.58 -3.061
0.59 -3.09898
0.6 -3.13624
0.61 -3.17278
0.62 -3.20858
0.63 -3.24364
0.64 -3.27794
0.65 -3.31147
0.66 -3.34423
0.67 -3.37621
0.68 -3.40738
0.69 -3.43776
0.7 -3.46731
0.71 -3.49604
0.72 -3.52393
0.73 -3.55098
0.74 -3.57717
0.75 -3.6025
0.76 -3.62695
0.77 -3.65051
0.78 -3.67318
0.79 -3.69495
0.8 -3.7158
0.81 -3.73572
0.82 -3.75471
0.83 -3.77276
0.84 -3.78986
0.85 -3.80599
0.86 -3.82115
0.87 -3.83533
0.88 -3.84851
0.89 -3.8607
0.9 -3.87187
0.91 -3.88203
0.92 -3.89115
0.93 -3.89924
0.94 -3.90628
0.95 -3.91226
0.96 -3.91717
0.97 -3.92101
0.98 -3.92377
0.99 -3.92542
1 -3.92598
