0 0
0.01 -0.0694116
0.02 -0.138121
0.03 -0.206123
0.04 -0.273413
0.05 -0.339987
0.06 -0.405842
0.07 -0.470972
0.08 -0.535376
0.09 -0.599048
0.1 -0.661987
0.11 -0.724189
0.12 -0.785651
0.13 -0.84637
0.14 -0.906345
0.15 -0.965572
0.16 -1.02405
0.17 -1.08178
0.18 -1.13875
0.19 -1.19497
0.2 -1.25043
0.21 -1.30514
0.22 -1.35909
0.23 -1.41228
0.24 -1.46471
0.25 -1.51638
0.26 -1.56728
0.27 -1.61743
0.28 -1.66681
0.29 -1.71544
0.3 -1.7633
0.31 -1.8104
0.32 -1.85674
0.33 -1.90231
0.34 -1.94713
0.35 -1.99119
0.36 -2.03449
0.37 -2.07703
0.38 -2.11882
0.39 -2.15985
0.4 -2.20013
0.41 -2.23965
0.42 -2.27842
0.43 -2.31645
0.44 -2.35372
0.45 -2.39025
0.46 -2.42604
0.47 -2.46108
0.48 -2.49538
0.49 -2.52894
0.5 -2.56177
0.51 -2.59387
0.52 -2.62523
0.53 -2.65586
0.54 -2.68577
0.55 -2.71496
0.56 -2.74342
0.57 -2.77117
0.58 -2.7982
0.59 -2.82452
0.6 -2.85013
0.61 -2.87503
0.62 -2.89923
0.63 -2.92274
0.64 -2.94554
0.65 -2.96765
0.66 -2.98907
0.67 -3.00981
0.68 -3.02986
0.69 -3.04923
0.7 -3.06793
0.71 -3.08595
0.72 -3.10331
0.73 -3.12
0.74 -3.13603
0.75 -3.1514
0.76 -3.16612
0.77 -3.18019
0.78 -3.19361
0.79 -3.2064
0.8 -3.21854
0.81 -3.23005
0.82 -3.24093
0.83 -3.25119
0.84 -3.26082
0.85 -3.26984
0.86 -3.27824
0.87 -3.28604
0.88 -3.29323
0.89 -3.29982
0.9 -3.30581
0.91 -3.31121
0.92 -3.31603
0.93 -3.32026
0.94 -3.32391
0.95 -3.32699
0.96 -3.3295
0.97 -3.33145
0.98 -3.33283
0.99 -3.33366
1 -3.33393
