0 0
0.01 -0.0839024
0.02 -0.165314
0.03 -0.244296
0.04 -0.320911
0.05 -0.395219
0.06 -0.467277
0.07 -0.537144
0.08 -0.604876
0.09 -0.670527
0.1 -0.734151
0.11 -0.795801
0.12 -0.855527
0.13 -0.913381
0.14 -0.96941
0.15 -1.02366
0.16 -1.07619
0.17 -1.12703
0.18 -1.17623
0.19 -1.22384
0.2 -1.2699
0.21 -1.31444
0.22 -1.35752
0.23 -1.39917
0.24 -1.43942
0.25 -1.47833
0.26 -1.51592
0.27 -1.55223
0.28 -1.5873
0.29 -1.62116
0.3 -1.65384
0.31 -1.68539
0.32 -1.71582
0.33 -1.74518
0.34 -1.77349
0.35 -1.80078
0.36 -1.82708
0.37 -1.85243
0.38 -1.87684
0.39 -1.90035
0.4 -1.92298
0.41 -1.94476
0.42 -1.96572
0.43 -1.98587
0.44 -2.00525
0.45 -2.02387
0.46 -2.04175
0.47 -2.05893
0.48 -2.07543
0.49 -2.09125
0.5 -2.10643
0.51 -2.12098
0.52 -2.13493
0.53 -2.14829
0.54 -2.16108
0.55 -2.17332
0.56 -2.18503
0.57 -2.19622
0.58 -2.20691
0.59 -2.21712
0.6 -2.22686
0.61 -2.23615
0.62 -2.245
0.63 -2.25343
0.64 -2.26145
0.65 -2.26907
0.66 -2.27632
0.67 -2.2832
0.68 -2.28972
0.69 -2.29589
0.7 -2.30174
0.71 -2.30727
0.72 -2.31249
0.73 -2.31741
0.74 -2.32204
0.75 -2.3264
0.76 -2.33049
0.77 -2.33433
0.78 -2.33791
0.79 -2.34126
0.8 -2.34438
0.81 -2.34728
0.82 -2.34997
0.83 -2.35245
0.84 -2.35474
0.85 -2.35684
0.86 -2.35876
0.87 -2.3605
0.88 -2.36208
0.89 -2.3635
0.9 -2.36477
0.91 -2.36588
0.92 -2.36686
0.93 -2.3677
0.94 -2.36841
0.95 -2.369
0.96 -2.36947
0.97 -2.36983
0.98 -2.37008
0.99 -2.37022
1 -2.37027
